Polygon_A:  2.77561 4.26753 2.45166 3.90597 2.72966 3.25103 2.99143 3.33845
Polygon_B:  3.93753 6.02545 5.62821 -1.92161 1.98283 2.51773 -1.30907 3.88422
